2 2.3561945113897345
Kick 3.1084458781373687 120.57241300195486 2.0940710300243133 75.99757625217829 
Inversion 1 
Evolution 1.494047751732198 
Inversion 1 
Kick 1.5313116541728107 46.44651242731501 7.911056088458482 88.94864671052096 
Evolution 2.3479976120204618 
Kick 2.876436602837134 49.45248181689392 0.4092517795943999 328.44538356231595 
Evolution 0.10523526252173897 
Kick 2.0194070747538833 156.8180186538479 2.3714321463489187 216.07749827805162 
Inversion 1 
Evolution 0.29535908855361215 
Inversion 1 
Kick 0.4315782401822637 292.31792226542103 3.5391149196313734 150.54958952055597 
J 0.0 0.1385 0.0 0.0 
