2 2.3561945113897345
Kick 4.882735367418915 2.1043855939585323 3.289359082009797 1.3264079291359636 
Kick 0 0 3.141592653589793 0 
Evolution 0.20692561361490944 
Kick 0 0 3.141592653589793 0 
Kick 2.405378721552868 0.8106445679251103 12.426657844818985 1.5524467502918144 
Evolution 0.32519766926483396 
Kick 4.5182960499949605 0.8631086309874264 0.6428511921211579 5.732453356138075 
Evolution 0.014575083859260849 
Kick 3.1720772153270267 2.7369907519635315 3.7250369047282192 3.7712637844243786 
Kick 0 0 3.141592653589793 0 
Evolution 0.04090723376467528 
Kick 0 0 3.141592653589793 0 
Kick 0.6779215144029055 5.101910206120438 5.559228715861977 2.627586024659653 
J 0.0 0.1385 0.0 0.0 
