3 5.890486137587405
pulse 7.8224558940477955 1.6514257019097802 0.5819218113818652 5.112974235872579 3.1357454434823766 1.668985818995951 
delay 56.97843187487291 
pulse 3.2077056086559543 4.387561226121805 2.3451653964982344 5.056757820034362 3.114129176073019 4.614722628961921 
delay 28.818190469113137 
pulse 0.025008105181362983 4.808233612110688 3.708689020502136 1.414691700110221 12.544409744222087 1.453091287066884 
delay 47.016449603256575 
pulse 6.306455451382888 1.3315062204196684 11.542885969769936 4.1425345694419065 0.018570656554854553 4.801395561472335 
delay 14.542620878658967 
pulse 6.31989756818883 4.6591694505772425 7.437994979767779 5.015937164095486 3.160007475334087 1.6687228503662361 
delay 33.15534696125564 
pulse 6.370109251085842 1.719793167551166 5.201532551041814 4.443897582382516 3.2212230866160483 4.614534584233545 
delay 14.44045558969346 
pulse 4.810445910683329 4.7605579725713225 12.098039231037752 4.776239706889783 0.07980128899349012 1.466763246299553 
J 0.0 0.1385 0.00148 0.0 0.0 0.01304 0.0 0.0 0.0 
