3 4.712407512752423
pulse 2.175799242022334 3.828638191054215 5.44698379141235 2.4495244634857594 1.576836359109172 6.164176316849866 
delay 17.9069983213203 
pulse 1.5685832999816023 3.8362824084772633 3.1490716751063825 1.2103193315120018 1.7308377791356717 1.8856876011751065 
delay 89.12497169775779 
pulse 5.497034636328693 0.6367282868603024 3.238044238910609 4.447038100988105 4.874834828921664 0.6973545923283165 
delay 21.792422557133612 
pulse 0.30923877671068745 0.5747877840882456 2.448264768448224 4.859603516223642 4.381020956781739 3.8720742444975995 
delay 79.4501383448912 
pulse 4.209359129593084 0.6808653587069029 3.8948696209562086 4.894547375503491 11.747339020545192 3.3806843230265002 
delay 35.10379386707853 
pulse 5.43353804734941 0.7626594631105386 3.16463986671736 0.49117072888236546 4.036035224616738 2.4517381302488235 
delay 3.9497285756306497 
pulse 6.245954177624786 5.259560113092346 3.765937294651084 3.380593214953996 1.9494036441440257 3.9228908728099605 
J 0.0 0.1385 0.00148 0.0 0.0 0.01304 0.0 0.0 0.0 
