3 3.1415956319233724
pulse 3.414020402112627 4.0847118850748485 3.4604311837586965 2.7333478866905287 0.9290785532051785 6.1274514968733875 
delay 32.100293045981005 
pulse 4.263752698672789 4.322769818133084 3.148380440790867 4.096783843730379 1.0115868205434388 2.445324872446614 
delay 45.711521661252156 
pulse 1.6156363159106877 4.98723021934989 3.150391486670742 1.424382367123539 1.3202977520369756 5.404806121965325 
delay 11.963116915741674 
pulse 5.808732107275851 0.34733719806439156 0.10039599281303424 1.6256372012141103 5.176991244683471 0.16256900948860054 
delay 22.087948593767873 
pulse 4.469658551095189 0.5905936093225417 0.8337989065750588 4.671881215022229 4.406077278110209 4.780032551332265 
delay 65.00888381641339 
pulse 6.0367748713777925 3.487437491341273 3.5415504405269767 1.525721757679807 2.4876881722131383 1.8094501114647827 
delay 57.73163438042893 
pulse 4.221591816433811 4.986087027153663 5.964442661095493 3.3007451677614976 3.694277956976026 3.5783360438262024 
J 0.0 0.1385 0.00148 0.0 0.0 0.01304 0.0 0.0 0.0 
