3 9.607743619841943e-06
pulse 3.571965232774603 1.7588764583921772 1.7541923518387965 4.78629779457252 4.542102287322448 2.855657520168774 
delay 86.34911228264868 
pulse 6.112413412853959 1.128074346706181 3.1371486921041027 4.356776916912508 3.126592144231727 5.698380196743729 
delay 105.34825137446559 
pulse 2.1881362651166363 4.160073114631697 12.56570568332109 4.222000281878174 0.3221095868915405 3.9984507816424832 
delay 31.821284975954445 
pulse 3.3270190333759055 3.0142988581760837 3.1346954228589063 2.8276973467110893 5.070726042199032 3.998579993850057 
delay 6.431692355983522 
pulse 2.414508977668201 2.014929903770305 1.447408663276261 1.7910009475537358 2.088158762584459 0.537606932025934 
delay 21.65598921099553 
pulse 3.1415513598562326 0.6384269433761836 5.040918723628932 1.7957275715817331 0.34107243743001286 3.305567935863467 
delay 28.886994214313802 
pulse 1.6055597398380244 2.4896228797673237 3.1343024553939043 1.7268970158937373 4.511292639067564 1.642626273176748 
J 0.0 0.1385 0.00148 0.0 0.0 0.01304 0.0 0.0 0.0 
