3 3.1415917372961575
pulse 3.6837218855916323 3.912963481170283 3.900048250858721 4.334888945305504 2.4965870034494846 1.3735349745077667 
delay 65.5470235021094 
pulse 0.690573784977958 1.3244869771003966 3.1349188185202768 3.639795648795287 6.617842921452073 0.9673145102613312 
delay 31.799880491637683 
pulse 3.1448445846991486 2.8800571415409184 3.1305546353941685 1.297074947703737 6.2045164521408935 3.9500013938323146 
delay 38.505502942649336 
pulse 5.2033137429643315 1.2776118202498359 2.7995853015390497 1.222915373555309 1.9419589524392904 4.977524760114862 
delay 86.58348811594848 
pulse 3.269066439583923 4.205839433884028 4.1281596034664 6.052291694486352 1.7428216372916723 1.0962043516958782 
delay 14.411523174512368 
pulse 3.1072559889310503 0.5522108122069029 3.364774114511916 3.7567160349199162 5.34009904758678 4.408479781279782 
delay 137.15367843214406 
pulse 0.3211226147288322 1.2771020604492431 5.387454627230683 4.77288101415031 3.442063338221288 2.4012022210763146 
J 0.0 0.1385 0.00148 0.0 0.0 0.01304 0.0 0.0 0.0 
