3 6.283185141418638
pulse 6.445209778224046 3.072285022851142 4.02226405958078 4.670009059934599 1.650604717763493 4.707189802517917 
delay 81.83326756433712 
pulse 6.511327850404891 4.608475288786249 3.3245498445961355 1.5758289656209592 0.12379536626665774 1.5246914484413618 
delay 5.806377769229535 
pulse 6.330148521326139 0.3578581488447391 0.511193309181564 1.6066212808739426 3.136616061082848 4.704315714894612 
delay 158.2313005054891 
pulse 3.3542516823842385 4.796316839045261 3.5237745580981565 4.76534100244532 12.558791025108249 3.399212086424432 
delay 94.93963575097352 
pulse 3.117708781103575 1.5482754752710441 0.03475698991500048 1.6137497333413322 5.770488865022713 1.594171017302399 
delay 23.827152711615604 
pulse 11.573863855971746 4.167366597996466 0.0501520734299456 2.0505347776789216 1.7004146344827933 4.712456719221122 
delay 0.7372646404372291 
pulse 1.3126883695835956 4.486019305041579 3.0079583214279184 1.5806377563255924 12.528003217927886 1.21898516789527 
J 0.0 0.1385 0.00148 0.0 0.0 0.01304 0.0 0.0 0.0 
