3 1.8171944837774845e-07
pulse 2.366974942068682 4.717928811589587 4.347521191345151 1.5972742602828198 3.0276934026210487 4.298639860530048 
delay 75.84534907421866 
pulse 6.356498329151622 1.5778216374198868 6.311695387879192 6.173334786078436 3.0507452927150163 5.115561988584467 
delay 73.89299592859432 
pulse 12.251232009475522 4.7625575088292464 1.9043855092207798 4.748219859549882 0.15599841601688946 4.962556202380637 
delay 35.03003951756816 
pulse 2.1860040671215097 1.5733675530447881 2.315857211081763 1.561441313190805 6.230400849458894 1.3801553544107716 
delay 2.1383225512574544 
pulse 2.191412838630586 4.715666506397961 1.0948581568488784 4.694521210005436 3.1229201753683378 4.32166222277833 
delay 131.7137941095444 
pulse 3.165751882679185 4.715594043503433 1.6000756372354945 1.555687755490188 12.564491980314278 5.221041405594928 
delay 118.15658927344232 
pulse 0.9730790055939141 4.7013719233932285 3.5889045033639033 1.5370287985800657 3.057441251806362 1.935373175621877 
J 0.0 0.1385 0.00148 0.0 0.0 0.01304 0.0 0.0 0.0 
