3 3.1415895199970953
pulse 2.9748380422767227 5.852829350575123 2.7380928060147176 5.053917563653998 3.0860265798651247 0.0014797952248100544 
delay 99.44462879328952 
pulse 2.111946813307153 0.6889690663940813 3.1391600058526494 5.84175263316666 5.560586282727297 2.415588101368591 
delay 42.22102267984076 
pulse 4.637948293970189 0.25174849271347827 0.0015202142328235655 4.995701143561772 5.366115909876182 5.427985576341201 
delay 105.40077183940141 
pulse 5.096477294852901 3.8665112874590983 12.56481915670189 4.180322612633389 5.914173183651126 5.427339367202298 
delay 113.08517682742081 
pulse 4.870196676274911 3.5467512605377483 12.564487353442814 3.8781057169589146 4.394768018745116 1.8212458690838835 
delay 21.06020503438576 
pulse 2.0782350350509846 0.6805160775050002 3.1416911588940986 0.47761163372861315 4.4344769659187335 1.8426312338436481 
delay 140.12164159492693 
pulse 1.569751484932488 1.057511150588167 2.7162459655825684 4.375440363176551 0.342026188095082 5.134495169013287 
J 0.0 0.1385 0.00148 0.0 0.0 0.01304 0.0 0.0 0.0 
