3 6.283185210439828
pulse 3.724964623780609 1.5709438958090831 0.015073782854139444 0.20395838550868017 5.619038650878913 4.786463381244318 
delay 64.23354002177207 
pulse 3.2790634565898005 4.708019806104982 12.536646092181234 1.6148137378886116 4.40687443304729 1.6076426422009926 
delay 21.241888351002334 
pulse 1.5901202574953162 4.7130312504954 3.0864048135349353 1.5817595974666123 2.3885728409481493 1.453295577573653 
delay 1.306178395336829 
pulse 4.598356797452497 4.7126137036923454 6.2273991634297365 1.4731398609959712 3.5653751561836224 1.4410075119982202 
delay 39.60079723292456 
pulse 12.56609833002452 3.9372301115039456 6.276683110418126 4.3020600766792425 6.355288995914778 3.9051331933288616 
delay 18.73842199017895 
pulse 3.1231013118740574 4.708102848780171 6.177012920297703 1.5085169480823517 5.51478915363503 4.701384437324873 
delay 101.36953554923971 
pulse 3.764882505722541 4.712851712896177 3.8704199177478236 1.583744491507789 2.926405820500306 4.747739364989868 
J 0.0 0.1385 0.00148 0.0 0.0 0.01304 0.0 0.0 0.0 
