3 1.8835644750581082e-06
pulse 0.2275858776366082 4.815874845501219 2.9534853298997317 4.714636257402737 11.653751866501548 4.60248244291469 
delay 71.77843114519152 
pulse 4.295097729657253 1.5678182489734005 3.3439135791525745 4.704283504218905 0.18698717073915994 4.833133231784727 
delay 18.445709468940272 
pulse 5.451726205300813 4.704200654221449 3.0813543802893695 4.727990701644414 3.19710611780276 1.5896298995462839 
delay 118.26917776701998 
pulse 2.9005989219833213 4.712876841760348 3.082719531303674 1.5635548349787225 5.315440065394857 4.693933476405911 
delay 28.848051327650182 
pulse 2.5375530400484196 1.5855824230413478 12.052277500517585 1.4566161254684147 4.565857791403529 4.694450015238404 
delay 65.08736099855436 
pulse 6.343883698955539 1.6207284466183256 4.02859477322758 1.473917003471262 1.1117701648250853 4.704766994335889 
delay 14.49894802170705 
pulse 4.690141524688496 1.5717566154882574 3.256357587672938 4.647047869906132 6.120747627834138 0.4034135934881636 
J 0.0 0.1385 0.00148 0.0 0.0 0.01304 0.0 0.0 0.0 
