3 9.07540258487418e-07
pulse 1.6917589916042075 1.5868318082120454 4.197507970518606 4.73558421047332 3.0311566251147584 1.481684090496288 
delay 36.50556391080678 
pulse 0.3581100931983055 4.738955877781095 6.257431141946546 1.9176986459568321 5.438607944320163 4.519808746573567 
delay 75.17455684812504 
pulse 2.370566404752664 1.5796052039951929 0.004306722494784668 4.846813375709008 2.864841823378342 1.5139447704512599 
delay 33.16182482836205 
pulse 4.37681959779194 4.738021010969722 3.1487247667832436 1.596376934182706 2.7975640062357656 1.3054790845430124 
delay 63.89185632128256 
pulse 1.0203644428030687 4.740129684340873 1.8241439587246295 1.5927909041123693 3.305403154521895 5.20863229812033 
delay 122.72529336583221 
pulse 3.155792052039213 1.5990601273299243 2.8979834656308476 4.7080228992279975 2.7053599907020742 1.1848971762250224 
delay 28.890376864392508 
pulse 0.9927862584350003 1.574359811705091 4.803863978526737 4.700955445495615 4.084868125320336 2.0473835002841834 
J 0.0 0.1385 0.00148 0.0 0.0 0.01304 0.0 0.0 0.0 
