3 5.89049695725289
pulse 12.563883762319007 4.822285527855515 0.9752164627278075 4.26224526811442 5.22271164608648 3.880991998011013 
delay 5.464886464543256 
pulse 3.142955755018137 4.233668508723944 5.23616069672461 5.534284092344676 0.32644913225520195 4.018709349912761 
delay 144.76464905469138 
pulse 3.140193647914991 6.201119473377241 1.7088072055977699 3.041651361589876 1.2690047738883135 4.2619528703661365 
delay 55.48962904025915 
pulse 6.28316767583596 3.5764202440585557 1.406404272055488 1.5288320873180161 2.3303099578824047 1.0193021825080384 
delay 167.73604598182493 
pulse 6.282868789958672 3.5726504927766043 7.259839520257874 3.1713881700270745 0.20161072882317702 5.318155391624473 
delay 14.002810909259171 
pulse 3.140944443741465 5.1872048671280835 5.270068680077026 5.29069913014796 3.278421010656579 2.680576599131404 
delay 60.328787835767535 
pulse 3.1413355941925913 2.8269365778680626 1.8796460136352262 3.0591857956463846 3.833036455647433 2.2318375994979065 
J 0.0 0.1385 0.00148 0.0 0.0 0.01304 0.0 0.0 0.0 
