3 0.7853864428800056
pulse 4.148249212214323 4.625187106940902 1.2248440328356152 4.437389867066775 12.564314887959243 4.594063559033923 
delay 60.69070894235667 
pulse 3.718191366798161 1.6943911762245238 12.549682120110168 2.2410972233281226 6.281990057288997 2.0562768794749196 
delay 63.506684462621706 
pulse 0.3011839252589921 3.7561837655234256 3.0951597669137616 1.8811177950310503 3.1394286895998387 3.652053104778917 
delay 156.54761153354264 
pulse 1.0649038145585454 4.867463016660534 3.2688998312107236 3.0377277279325217 6.283248319228647 6.046632206986181 
delay 22.896734572955364 
pulse 12.5502810047691 3.0977151813663526 3.099309522378077 3.171554832346805 3.139037968500846 4.312796151397442 
delay 166.8765888172714 
pulse 5.249814382818559 1.746212519976364 1.568310307388107 2.764167348301383 3.1391830297786094 4.706776024384266 
delay 154.59947283390997 
pulse 3.4894926829276756 1.4110980001183069 5.040993344173325 2.7729315869863376 3.1408387219550216 1.6896644709800945 
J 0.0 0.1385 0.00148 0.0 0.0 0.01304 0.0 0.0 0.0 
