3 2.3562175345294025
pulse 6.435630376424967 2.410879154764093 3.0138544396241094 5.466860136685365 0.3714821276321338 1.8013060501388947 
delay 87.42147442901795 
pulse 5.04985016561866 6.0102212763673375 2.959920663112845 5.795062541701723 1.1200580710124382 3.561419240068147 
delay 62.47663756309575 
pulse 2.1991510976234823 2.755533636593029 5.336600705141416 1.714345007343638 0.24123886427157137 5.017975430272207 
delay 5.5141407492726655 
pulse 2.4221473929006314 1.8553395701849305 4.432291975903508 4.81796822923322 6.316222470340014 1.7885051645822492 
delay 1.9883046740935604 
pulse 12.009989019672835 0.47434494382461617 2.432823326481769 4.826384441386722 5.4061952516085645 0.459725930576237 
delay 31.977965168773544 
pulse 5.427614715805352 1.1804315538659298 3.1026478483664306 2.504562787045057 5.550806297893895 3.221127715613653 
delay 83.0713921904636 
pulse 3.3995456205066312 4.405798108962719 3.212316596289577 4.535858679683009 5.8811803089839865 2.365756399190157 
J 0.0 0.1385 0.00148 0.0 0.0 0.01304 0.0 0.0 0.0 
