3 3.243192994744156e-07
pulse 3.0486184167719883 4.9748353825309515 6.13023490075819 1.5758539915864285 3.211753185325076 4.2743187400492175 
delay 86.79020257633829 
pulse 6.305416015284051 1.9369891732867017 3.2578926141595708 4.719479410993714 2.4616275732280193 1.9283699591728618 
delay 28.693398349145028 
pulse 4.99123880043702 1.3032816215980807 3.0706772729477407 1.57786988002105 3.8806209379969636 4.7705384121946075 
delay 14.050349071060674 
pulse 3.4184631499969367 4.70321890792135 6.280775841943294 4.873556446804947 1.2482551061817413 1.3391232266964292 
delay 12.98860755956105 
pulse 1.529938340484877 4.904348653891486 6.2796530572322915 4.735037010712873 2.7594323454303162 4.667339211881706 
delay 96.33128172668361 
pulse 3.1076890006499402 4.38902494729699 12.55770741005603 1.772705113871213 5.56556732341556 1.6133492965594272 
delay 42.8710774193002 
pulse 12.502959382959466 2.9078834447195163 12.566075884189 3.5524347602355357 1.1193199800990508 1.6237335150678434 
J 0.0 0.1385 0.00148 0.0 0.0 0.01304 0.0 0.0 0.0 
