3 0.3926990622548119
pulse 6.093352708069892 1.4430855979061301 3.4704683721953127 1.1714700598352994 3.1416380637097716 4.612690411232424 
delay 67.96244670421753 
pulse 3.3305579001214896 4.493409843714909 4.639412332625218 5.071188763823314 3.141768298665279 1.6686416692848163 
delay 178.44960516437436 
pulse 3.098614633512038 4.702546114761963 4.265157647754881 1.4153215556527259 3.1409128135522977 4.615758142832005 
delay 63.94969076407209 
pulse 6.246324750279585 1.5770110637517827 4.936451342073272 5.071538534617739 6.281675755935434 5.145865803946526 
delay 36.594817772042894 
pulse 0.5603664990319476 4.632743968908228 2.2390885558696785 2.002655185971846 0.0010497377780514005 2.3624180577960274 
delay 2.457871454082357 
pulse 2.6408669489755443 4.705403637125608 4.561409822062158 1.2732322396727338 12.566342234558434 6.253431986157458 
delay 177.54375968757935 
pulse 3.2064343867130845 1.7430866882134348 0.6029300615263257 4.422150024868253 3.1417404159567583 4.810867207413157 
J 0.0 0.1385 0.00148 0.0 0.0 0.01304 0.0 0.0 0.0 
